  0.0000000000E+00
  1.2030046505E-04
  6.2634062006E-04
  1.8999039322E-03
  4.5810175290E-03
  9.4620714870E-03
  1.7116108717E-02
  2.7288515121E-02
  4.0293853730E-02
  5.7785250247E-02
  8.0364465714E-02
  1.0831964761E-01
  1.4146587253E-01
  1.7901077867E-01
  2.1948346496E-01
  2.6075941324E-01
  3.0020272732E-01
  3.3492100239E-01
  3.6210626364E-01
  3.7940549850E-01
  3.8525652885E-01
  3.7911880016E-01
  3.6155742407E-01
  3.3415552974E-01
  2.9928064346E-01
  2.5974673033E-01
  2.1844372153E-01
  1.7799729109E-01
  1.4051634073E-01
  1.0745269060E-01
  7.9579479992E-02
  5.7064231485E-02
  3.9605144411E-02
  2.6591857895E-02
  1.7260219902E-02
  1.0818343610E-02
  6.5347482450E-03
  3.7882754114E-03
  2.0862706006E-03
  1.0606702417E-03
  4.5104694436E-04
  8.2837817899E-05
 -1.5443125449E-04
 -3.2590155024E-04
 -4.6616978943E-04
 -5.9016165324E-04
 -7.0098316064E-04
 -7.9532916425E-04
 -8.6735625518E-04
 -9.1115629766E-04
 -9.2232623138E-04
 -8.9825957548E-04
 -8.3750940394E-04
 -7.3763396358E-04
 -5.9176801005E-04
 -3.8372215931E-04
 -8.1409678387E-05
  3.7073242129E-04
  1.0603397386E-03
  2.1150787361E-03
  3.7085458171E-03
  6.0611302033E-03
  9.4328140840E-03
  1.4104511589E-02
  2.0346058533E-02
  2.8370691463E-02
  3.8280133158E-02
  5.0007618964E-02
  6.3270583749E-02
  7.7545888722E-02
  9.2079676688E-02
  1.0593845695E-01
  1.1810086668E-01
  1.2757848203E-01
  1.3354778290E-01
  1.3546769321E-01
  1.3316126168E-01
  1.2684212625E-01
  1.1708294600E-01
  1.0472971946E-01
  9.0781852603E-02
  7.6259657741E-02
  6.2085099518E-02
  4.8993013799E-02
  3.7483662367E-02
  2.7816615999E-02
  2.0038720220E-02
  1.4033599757E-02
  9.5794647932E-03
  6.4042597078E-03
  4.2298771441E-03
  2.8029731475E-03
  1.9113352755E-03
  1.3894226868E-03
  1.1154930107E-03
  1.0045378003E-03
  9.9920015782E-04
  1.0613636114E-03
  1.1649633525E-03
  1.2908473145E-03
  1.4235138660E-03
  1.5495149419E-03
  1.6570957378E-03
  1.7364653759E-03
  1.7804406816E-03
  1.7850307049E-03
  1.7496086657E-03
  1.6768607311E-03
  1.5721954405E-03
  1.4430894516E-03
  1.2982268818E-03
  1.1468852172E-03
  9.9831738044E-04
  8.6153246230E-04
  7.4522977229E-04
  6.5790017834E-04
  6.0794217279E-04
  6.0392345767E-04
  6.5434694989E-04
  7.6772499597E-04
  9.5214333851E-04
  1.2151673436E-03
  1.5638748882E-03
  2.0057710353E-03
  2.5504778605E-03
  3.2129546162E-03
  4.0174992755E-03
  5.0023160875E-03
  6.2231733464E-03
  7.7544371597E-03
  9.6856495366E-03
  1.2111985125E-02
  1.5118111856E-02
  1.8756624311E-02
  2.3023923859E-02
  2.7838477865E-02
  3.3027157187E-02
  3.8324899971E-02
  4.3391220272E-02
  4.7843575478E-02
  5.1303789020E-02
  5.3449690342E-02
  5.4062847048E-02
  5.3062371910E-02
  5.0518263131E-02
  4.6640969813E-02
  4.1750166565E-02
  3.6228749901E-02
  3.0471853912E-02
  2.4839645252E-02
  1.9622044638E-02
  1.5019051731E-02
  1.1137316003E-02
  7.9998541623E-03
  5.5647320114E-03
  3.7471724208E-03
  2.4408178870E-03
  1.5353243798E-03
  9.2867162311E-04
  5.3426437080E-04
  2.8362686862E-04
  1.2606610835E-04
  2.6336878364E-05
 -3.8406051317E-05
 -8.1943719124E-05
 -1.1176044791E-04
 -1.3157777721E-04
 -1.4299619943E-04
 -1.4686901704E-04
 -1.4391400327E-04
 -1.3518198102E-04
 -1.2199236517E-04
 -1.0599672532E-04
 -8.8740554929E-05
 -7.1630885941E-05
 -5.5515050917E-05
 -4.0638500650E-05
 -2.6429155696E-05
 -1.1481624824E-05
  6.4973091867E-06
  3.0537245038E-05
  6.4522653702E-05
  1.1284554057E-04
  1.8054005341E-04
  2.7301689261E-04
  3.9621844189E-04
  5.5661471561E-04
  7.6180539327E-04
  1.0214223294E-03
  1.3492990984E-03
  1.7669225344E-03
  2.3090415634E-03
  3.0314531177E-03
  4.0208538994E-03
  5.4054064676E-03
  7.3639573529E-03
  1.0130231269E-02
  1.3987763785E-02
  1.9251329824E-02
  2.6231808588E-02
  3.5184390843E-02
  4.6244513243E-02
  5.9360284358E-02
  7.4235163629E-02
  9.0296328068E-02
  1.0670249164E-01
  1.2240018696E-01
  1.3622651994E-01
  1.4704793692E-01
  1.5391060710E-01
  1.5617808700E-01
  1.5362569690E-01
  1.4647546411E-01
  1.3536114991E-01
  1.2123394012E-01
  1.0522493720E-01
  8.8494643569E-02
  7.2093240917E-02
  5.6856624782E-02
  4.3347027153E-02
  3.1841166317E-02
  2.2356962785E-02
  1.4706560411E-02
  8.5608325899E-03
  3.5144358408E-03
 -8.5655949079E-04
 -4.9472940154E-03
 -9.0872813016E-03
 -1.3512674719E-02
 -1.8346667290E-02
 -2.3588590324E-02
 -2.9113249853E-02
 -3.4683313221E-02
 -3.9975553751E-02
 -4.4621106237E-02
 -4.8254683614E-02
 -5.0567481667E-02
 -5.1353082061E-02
 -5.0540279597E-02
 -4.8204347491E-02
 -4.4556837529E-02
 -3.9914689958E-02
 -3.4656766802E-02
 -2.9175538570E-02
 -2.3834761232E-02
 -1.8938539550E-02
 -1.4718061313E-02
 -1.1334273033E-02
 -8.8950712234E-03
 -7.4803894386E-03
 -7.1693300270E-03
 -8.0619379878E-03
 -1.0290261358E-02
 -1.4013634063E-02
 -1.9396720454E-02
 -2.6570379734E-02
 -3.5581003875E-02
 -4.6335071325E-02
 -5.8551918715E-02
 -7.1736276150E-02
 -8.5182994604E-02
 -9.8020002246E-02
 -1.0928959399E-01
 -1.1805789173E-01
 -1.2353621423E-01
 -1.2519118190E-01
 -1.2282341719E-01
 -1.1659752578E-01
 -1.0701915622E-01
 -9.4862014055E-02
 -8.1062048674E-02
 -6.6597826779E-02
 -5.2379451692E-02
 -3.9161652327E-02
 -2.7492327616E-02
 -1.7696706578E-02
 -9.8921144381E-03
 -4.0242853574E-03
  8.5758518253E-05
  2.6934831403E-03
  4.0879766457E-03
  4.5581036247E-03
  4.3689897284E-03
  3.7482837215E-03
  2.8804377653E-03
  1.9071003189E-03
  9.3138916418E-04
  2.4305289116E-05
 -7.6834857464E-04
 -1.4197877608E-03
 -1.9173256587E-03
 -2.2589429282E-03
 -2.4510701187E-03
 -2.3829979086E-03
 -1.9857771251E-03
 -1.4010478446E-03
 -8.0484376240E-04
 -3.4031997037E-04
 -7.5708118769E-05
 -0.0000000000E+00
