  0.0000000000E+00
  5.7419742424E-05
  3.7085537734E-04
  1.2908918014E-03
  3.3642489698E-03
  7.2420284809E-03
  1.3402266234E-02
  2.1690052003E-02
  3.2439202070E-02
  4.7141339630E-02
  6.6545233130E-02
  9.1233223677E-02
  1.2147930264E-01
  1.5710707009E-01
  1.9737672806E-01
  2.4093128741E-01
  2.8582856059E-01
  3.2966968417E-01
  3.6982047558E-01
  4.0369540453E-01
  4.2906415462E-01
  4.4432231784E-01
  4.4868499041E-01
  4.4225978851E-01
  4.2599830031E-01
  4.0153005719E-01
  3.7092274427E-01
  3.3640915155E-01
  3.0013325810E-01
  2.6394876838E-01
  2.2929731011E-01
  1.9716542959E-01
  1.6811332107E-01
  1.4234928787E-01
  1.1982926726E-01
  1.0035592318E-01
  8.3662666380E-02
  6.9473870099E-02
  5.7540573180E-02
  4.7655403614E-02
  3.9653595537E-02
  3.3407412469E-02
  2.8819357976E-02
  2.5818707421E-02
  2.4362837896E-02
  2.4443617091E-02
  2.6097426191E-02
  2.9415270314E-02
  3.4548435360E-02
  4.1704297066E-02
  5.1126129925E-02
  6.3053123653E-02
  7.7659793198E-02
  9.4979368150E-02
  1.1482267827E-01
  1.3670732081E-01
  1.5981820226E-01
  1.8301400542E-01
  2.0489247143E-01
  2.2391128540E-01
  2.3855389655E-01
  2.4751223624E-01
  2.4985980988E-01
  2.4517856538E-01
  2.3362332582E-01
  2.1590548754E-01
  1.9320797920E-01
  1.6704180837E-01
  1.3907356560E-01
  1.1094947159E-01
  8.4142208099E-02
  5.9836585075E-02
  3.8864336908E-02
  2.1687561646E-02
  8.4250345826E-03
 -1.0898521869E-03
 -7.2325882502E-03
 -1.0505025275E-02
 -1.1458759196E-02
 -1.0632183403E-02
 -8.5072228685E-03
 -5.4858396761E-03
 -1.8856794341E-03
  2.0503429696E-03
  6.1355489306E-03
  1.0218880139E-02
  1.4166653156E-02
  1.7851155251E-02
  2.1146982908E-02
  2.3935372010E-02
  2.6113683358E-02
  2.7607442811E-02
  2.8380826116E-02
  2.8443045914E-02
  2.7848726138E-02
  2.6692150161E-02
  2.5095945224E-02
  2.3196663707E-02
  2.1129822358E-02
  1.9016409293E-02
  1.6953090206E-02
  1.5007159673E-02
  1.3216124848E-02
  1.1591600254E-02
  1.0126080364E-02
  8.8010905311E-03
  7.5952447951E-03
  6.4911018126E-03
  5.4797302000E-03
  4.5631257817E-03
  3.7541722413E-03
  3.0751978047E-03
  2.5553172454E-03
  2.2277724929E-03
  2.1276411135E-03
  2.2901999764E-03
  2.7499361895E-03
  3.5398383625E-03
  4.6900040470E-03
  6.2253382057E-03
  8.1615010276E-03
  1.0499380529E-02
  1.3218736276E-02
  1.6272269189E-02
  1.9581453875E-02
  2.3036492988E-02
  2.6500107720E-02
  2.9817001894E-02
  3.2826654613E-02
  3.5378564149E-02
  3.7347313017E-02
  3.8644678891E-02
  3.9227180183E-02
  3.9097882807E-02
  3.8302488625E-02
  3.6920957267E-02
  3.5056434572E-02
  3.2823536545E-02
  3.0337907374E-02
  2.7708049864E-02
  2.5030212477E-02
  2.2386075929E-02
  1.9842466339E-02
  1.7452852800E-02
  1.5259258449E-02
  1.3294896111E-02
  1.1586817913E-02
  1.0158883408E-02
  9.0353628621E-03
  8.2455584779E-03
  7.8296763822E-03
  7.8464457765E-03
  8.3819907159E-03
  9.5595940948E-03
  1.1547695845E-02
  1.4564314857E-02
  1.8873661757E-02
  2.4770760909E-02
  3.2551832497E-02
  4.2468909174E-02
  5.4671987891E-02
  6.9145582616E-02
  8.5651524365E-02
  1.0369148105E-01
  1.2250259519E-01
  1.4109526575E-01
  1.5833482146E-01
  1.7305797338E-01
  1.8420919776E-01
  1.9097128510E-01
  1.9287019968E-01
  1.8983124197E-01
  1.8218153715E-01
  1.7059525847E-01
  1.5599942207E-01
  1.3945333660E-01
  1.2202821672E-01
  1.0470111668E-01
  8.8279284537E-02
  7.3357701302E-02
  6.0310181230E-02
  4.9306239933E-02
  4.0346540511E-02
  3.3306449652E-02
  2.7981394902E-02
  2.4127632380E-02
  2.1495189518E-02
  1.9851351157E-02
  1.8993718550E-02
  1.8754415214E-02
  1.8995771185E-02
  1.9601130858E-02
  2.0461684093E-02
  2.1464040503E-02
  2.2479739040E-02
  2.3359579965E-02
  2.3933243006E-02
  2.4015240371E-02
  2.3415813223E-02
  2.1956006065E-02
  1.9485872239E-02
  1.5903858468E-02
  1.1175720952E-02
  5.3511513397E-03
 -1.4253912959E-03
 -8.9115910232E-03
 -1.6775842756E-02
 -2.4617975578E-02
 -3.2002829015E-02
 -3.8502339274E-02
 -4.3741665781E-02
 -4.7440908849E-02
 -4.9446489662E-02
 -4.9744594842E-02
 -4.8456624150E-02
 -4.5815430582E-02
 -4.2129881680E-02
 -3.7741996348E-02
 -3.2986897975E-02
 -2.8159556910E-02
 -2.3494092748E-02
 -1.9154774025E-02
 -1.5239113010E-02
 -1.1787851341E-02
 -8.8001331314E-03
 -6.2484131195E-03
 -4.0921973996E-03
 -2.2881415207E-03
 -7.9676113091E-04
  4.1457332554E-04
  1.3708084589E-03
  2.0908899605E-03
  2.5899843313E-03
  2.8827500064E-03
  2.9857961927E-03
  2.9201263096E-03
  2.7116716374E-03
  2.3912158795E-03
  1.9922645297E-03
  1.5484757023E-03
  1.0900682537E-03
  6.4108544029E-04
  2.1717327763E-04
 -1.7466946156E-04
 -5.3518149070E-04
 -8.6993479636E-04
 -1.1862977408E-03
 -1.4896411449E-03
 -1.7809476703E-03
 -2.0550927147E-03
 -2.3011735175E-03
 -2.5037962478E-03
 -2.6457298081E-03
 -2.7104231995E-03
 -2.6849354617E-03
 -2.5611703750E-03
 -2.3368189577E-03
 -2.0142174326E-03
 -1.5986146173E-03
 -1.0951646836E-03
 -5.0578883383E-04
  1.7414375907E-04
  9.5824355958E-04
  1.8701347290E-03
  2.9425940011E-03
  4.2142276652E-03
  5.7236677967E-03
  7.5016254559E-03
  9.5617575571E-03
  1.1891850270E-02
  1.4447200112E-02
  1.7147768289E-02
  1.9880736247E-02
  2.2508652881E-02
  2.4882476777E-02
  2.6857839897E-02
  2.8311735019E-02
  2.9157051817E-02
  2.9352139682E-02
  2.8904423118E-02
  2.7867371216E-02
  2.6331866160E-02
  2.4414317682E-02
  2.2242872044E-02
  1.9944481552E-02
  1.7634402961E-02
  1.5408847481E-02
  1.3341286220E-02
  1.1481815949E-02
  9.8591456190E-03
  8.4841838107E-03
  7.3545193300E-03
  6.4587923698E-03
  5.4945004324E-03
  4.3039760513E-03
  3.0591819880E-03
  1.8934380449E-03
  9.1917499473E-04
  2.4865366353E-04
  0.0000000000E+00
