   1   801 2   0.01000   5.00000   5.00000  15.00000   0.02500   0.00000   1.00000   0.00000
  242.5916    0.0683    1.0000
     0.1825E-06     0.6147E-07
     0.1262E-06     0.5960E-07
     0.2070E-06     0.4657E-07
     0.1850E-06     0.5029E-07
     0.2242E-06     0.4098E-07
     0.1863E-06     0.5029E-07
     0.2326E-06     0.4657E-07
     0.2080E-06     0.4843E-07
     0.2327E-06     0.4470E-07
     0.1591E-06     0.4936E-07
     0.2082E-06     0.2980E-07
     0.1453E-06     0.3632E-07
     0.1014E-06     0.3446E-07
     0.7451E-08     0.1024E-07
    -0.8848E-08     0.9313E-09
    -0.3586E-07     0.9313E-09
    -0.1295E-06    -0.7451E-08
    -0.1369E-06     0.9779E-08
    -0.2375E-06     0.9313E-08
    -0.2421E-06    -0.3260E-08
    -0.2477E-06    -0.1211E-07
    -0.2813E-06    -0.2177E-07
    -0.3409E-06    -0.2768E-07
    -0.3465E-06    -0.1141E-07
    -0.3166E-06    -0.2724E-07
    -0.3017E-06    -0.2352E-07
    -0.2943E-06    -0.2142E-07
    -0.2272E-06    -0.3376E-07
    -0.1602E-06    -0.2608E-07
    -0.1378E-06    -0.2421E-07
    -0.8196E-07    -0.2049E-07
     0.3725E-08    -0.2608E-07
     0.2980E-07    -0.2701E-07
     0.8568E-07    -0.8848E-08
     0.7451E-07    -0.2608E-07
     0.1043E-06     0.2794E-08
     0.1024E-06    -0.1024E-07
     0.9499E-07     0.4657E-08
     0.1155E-06    -0.1676E-07
     0.5402E-07     0.3725E-08
     0.2328E-07    -0.4657E-08
     0.1118E-07     0.7451E-08
    -0.7078E-07     0.7451E-08
    -0.1187E-06     0.1024E-07
    -0.1162E-06     0.4657E-08
    -0.1555E-06     0.7451E-08
    -0.2054E-06    -0.9313E-09
    -0.2233E-06     0.4657E-08
    -0.2431E-06    -0.2794E-08
    -0.1915E-06    -0.2794E-08
    -0.1373E-06     0.1397E-07
    -0.1899E-06     0.3725E-08
    -0.7579E-07    -0.3725E-08
     0.1246E-07    -0.1490E-07
     0.2142E-07    -0.1118E-07
     0.1159E-06     0.1863E-08
     0.1532E-06    -0.2049E-07
     0.1937E-06    -0.7451E-08
     0.2030E-06    -0.2235E-07
     0.2310E-06    -0.2421E-07
     0.2505E-06    -0.2049E-07
     0.2384E-06    -0.1863E-07
     0.1919E-06    -0.1676E-07
     0.1397E-06    -0.2980E-07
     0.8382E-07    -0.9313E-08
     0.4470E-07    -0.2049E-07
    -0.5029E-07    -0.1118E-07
    -0.5960E-07    -0.1118E-07
    -0.1267E-06    -0.1304E-07
    -0.9313E-07    -0.9313E-08
    -0.1825E-06    -0.7451E-08
    -0.1304E-06    -0.1490E-07
    -0.1974E-06    -0.3725E-08
    -0.9313E-07    -0.1490E-07
    -0.9872E-07     0.5588E-08
    -0.2235E-07    -0.7451E-08
     0.3725E-08    -0.1676E-07
     0.1362E-06    -0.5588E-08
     0.1038E-06    -0.5588E-08
     0.7637E-07     0.5588E-08
     0.2794E-07    -0.1770E-07
     0.2105E-06     0.7451E-08
     0.4470E-07    -0.9313E-09
    -0.1863E-08    -0.8382E-08
    -0.1118E-07    -0.7451E-08
     0.2980E-07    -0.9313E-08
    -0.4470E-07     0.8382E-08
    -0.8382E-07    -0.9313E-09
    -0.6706E-07    -0.5588E-08
    -0.4843E-07    -0.5122E-08
    -0.4470E-07    -0.6054E-08
    -0.3353E-07    -0.1863E-08
    -0.6519E-07    -0.3725E-08
     0.1024E-07     0.1863E-08
     0.5588E-07     0.6985E-08
     0.8522E-07     0.2701E-07
     0.1211E-06     0.1024E-07
     0.1122E-06     0.1630E-07
     0.1262E-06     0.2235E-07
     0.1638E-06     0.1467E-07
     0.1357E-06     0.2235E-07
     0.1369E-06     0.1257E-07
     0.1206E-06     0.2538E-07
     0.9831E-07     0.1397E-07
     0.8910E-07     0.2643E-07
     0.2594E-07     0.3795E-07
     0.4463E-07     0.1059E-07
    -0.9702E-08     0.3213E-07
     0.1218E-07     0.3434E-07
    -0.1206E-07     0.4773E-08
    -0.6466E-07     0.2678E-07
    -0.5822E-07     0.3574E-07
    -0.1238E-06     0.2398E-07
    -0.1192E-06     0.2491E-07
    -0.1263E-06     0.2468E-07
    -0.1509E-06     0.1979E-07
    -0.8144E-07     0.2887E-07
    -0.1512E-06     0.6054E-08
    -0.8911E-07     0.1397E-08
    -0.1541E-07     0.2095E-08
     0.5558E-07     0.1956E-07
     0.3808E-07     0.1490E-07
     0.1298E-06    -0.1164E-08
     0.1438E-06     0.4657E-08
     0.2121E-06    -0.9313E-09
     0.1548E-06     0.8731E-08
     0.1637E-06    -0.1473E-07
     0.1541E-06    -0.1135E-07
     0.1807E-06    -0.8673E-08
     0.1181E-06     0.3201E-08
     0.1587E-06    -0.1770E-07
     0.5965E-07    -0.1793E-07
     0.1051E-06    -0.2538E-07
     0.3743E-07    -0.8382E-08
    -0.1868E-07    -0.2747E-07
    -0.4366E-07    -0.1630E-07
    -0.7683E-07    -0.1304E-07
    -0.8440E-07     0.1676E-07
    -0.9546E-07     0.1863E-07
    -0.1711E-06     0.5029E-07
    -0.1525E-06     0.1015E-06
    -0.1739E-06     0.1881E-06
    -0.1064E-06     0.2980E-06
    -0.1136E-06     0.4936E-06
    -0.1285E-06     0.7842E-06
    -0.6484E-07     0.1255E-05
    -0.6426E-07     0.1917E-05
    -0.2852E-07     0.2958E-05
    -0.1269E-07     0.4467E-05
     0.2031E-07     0.6706E-05
    -0.2579E-07     0.9948E-05
     0.1164E-08     0.1470E-04
    -0.4354E-07     0.2151E-04
    -0.1595E-07     0.3123E-04
    -0.9546E-07     0.4496E-04
    -0.5029E-07     0.6422E-04
    -0.7451E-07     0.9102E-04
    -0.9779E-07     0.1280E-03
    -0.1248E-06     0.1786E-03
    -0.7078E-07     0.2472E-03
    -0.1229E-06     0.3396E-03
    -0.4470E-07     0.4629E-03
    -0.9686E-07     0.6261E-03
    -0.4098E-07     0.8401E-03
    -0.6706E-07     0.1119E-02
    -0.1676E-07     0.1478E-02
    -0.6706E-07     0.1938E-02
     0.7078E-07     0.2521E-02
     0.6519E-07     0.3254E-02
     0.1974E-06     0.4168E-02
     0.3856E-06     0.5297E-02
     0.1242E-05     0.6680E-02
     0.3048E-05     0.8360E-02
     0.7303E-05     0.1038E-01
     0.1667E-04     0.1279E-01
     0.3721E-04     0.1564E-01
     0.8021E-04     0.1897E-01
     0.1674E-03     0.2284E-01
     0.3385E-03     0.2728E-01
     0.6637E-03     0.3234E-01
     0.1261E-02     0.3804E-01
     0.2325E-02     0.4441E-01
     0.4155E-02     0.5143E-01
     0.7202E-02     0.5912E-01
     0.1211E-01     0.6743E-01
     0.1976E-01     0.7631E-01
     0.3130E-01     0.8571E-01
     0.4813E-01     0.9553E-01
     0.7190E-01     0.1057E+00
     0.1044E+00     0.1160E+00
     0.1475E+00     0.1263E+00
     0.2028E+00     0.1366E+00
     0.2716E+00     0.1465E+00
     0.3550E+00     0.1560E+00
     0.4531E+00     0.1648E+00
     0.5656E+00     0.1728E+00
     0.6914E+00     0.1798E+00
     0.8286E+00     0.1857E+00
     0.9748E+00     0.1903E+00
     0.1127E+01     0.1936E+00
     0.1279E+01     0.1955E+00
     0.1428E+01     0.1960E+00
     0.1566E+01     0.1949E+00
     0.1684E+01     0.1925E+00
     0.1776E+01     0.1886E+00
     0.1832E+01     0.1835E+00
     0.1846E+01     0.1772E+00
     0.1812E+01     0.1699E+00
     0.1730E+01     0.1616E+00
     0.1601E+01     0.1527E+00
     0.1434E+01     0.1432E+00
     0.1238E+01     0.1333E+00
     0.1025E+01     0.1233E+00
     0.8092E+00     0.1131E+00
     0.6028E+00     0.1031E+00
     0.4161E+00     0.9321E-01
     0.2565E+00     0.8369E-01
     0.1278E+00     0.7458E-01
     0.3098E-01     0.6595E-01
    -0.3592E-01     0.5786E-01
    -0.7659E-01     0.5033E-01
    -0.9587E-01     0.4338E-01
    -0.9897E-01     0.3700E-01
    -0.9102E-01     0.3117E-01
    -0.7668E-01     0.2586E-01
    -0.5995E-01     0.2103E-01
    -0.4410E-01     0.1663E-01
    -0.3164E-01     0.1261E-01
    -0.2427E-01     0.8907E-02
    -0.2291E-01     0.5461E-02
    -0.2773E-01     0.2213E-02
    -0.3826E-01    -0.8940E-03
    -0.5345E-01    -0.3914E-02
    -0.7186E-01    -0.6899E-02
    -0.9186E-01    -0.9891E-02
    -0.1118E+00    -0.1293E-01
    -0.1302E+00    -0.1605E-01
    -0.1459E+00    -0.1926E-01
    -0.1581E+00    -0.2259E-01
    -0.1664E+00    -0.2605E-01
    -0.1707E+00    -0.2961E-01
    -0.1715E+00    -0.3329E-01
    -0.1693E+00    -0.3704E-01
    -0.1649E+00    -0.4085E-01
    -0.1593E+00    -0.4468E-01
    -0.1532E+00    -0.4849E-01
    -0.1473E+00    -0.5223E-01
    -0.1422E+00    -0.5584E-01
    -0.1382E+00    -0.5929E-01
    -0.1351E+00    -0.6251E-01
    -0.1328E+00    -0.6546E-01
    -0.1309E+00    -0.6808E-01
    -0.1289E+00    -0.7035E-01
    -0.1261E+00    -0.7221E-01
    -0.1222E+00    -0.7366E-01
    -0.1168E+00    -0.7466E-01
    -0.1099E+00    -0.7521E-01
    -0.1015E+00    -0.7530E-01
    -0.9183E-01    -0.7497E-01
    -0.8128E-01    -0.7421E-01
    -0.7030E-01    -0.7306E-01
    -0.5937E-01    -0.7155E-01
    -0.4893E-01    -0.6973E-01
    -0.3932E-01    -0.6765E-01
    -0.3080E-01    -0.6534E-01
    -0.2350E-01    -0.6285E-01
    -0.1747E-01    -0.6024E-01
    -0.1264E-01    -0.5755E-01
    -0.8900E-02    -0.5482E-01
    -0.6099E-02    -0.5209E-01
    -0.4064E-02    -0.4939E-01
    -0.2632E-02    -0.4675E-01
    -0.1655E-02    -0.4419E-01
    -0.1006E-02    -0.4171E-01
    -0.5832E-03    -0.3934E-01
    -0.3091E-03    -0.3708E-01
    -0.1237E-03    -0.3492E-01
     0.1854E-04    -0.3286E-01
     0.1536E-03    -0.3090E-01
     0.3130E-03    -0.2901E-01
     0.5269E-03    -0.2721E-01
     0.8272E-03    -0.2546E-01
     0.1249E-02    -0.2376E-01
     0.1830E-02    -0.2209E-01
     0.2614E-02    -0.2044E-01
     0.3642E-02    -0.1881E-01
     0.4959E-02    -0.1716E-01
     0.6606E-02    -0.1549E-01
     0.8620E-02    -0.1379E-01
     0.1104E-01    -0.1203E-01
     0.1390E-01    -0.1021E-01
     0.1724E-01    -0.8290E-02
     0.2114E-01    -0.6262E-02
     0.2567E-01    -0.4100E-02
     0.3098E-01    -0.1776E-02
     0.3724E-01     0.7352E-03
     0.4469E-01     0.3464E-02
     0.5361E-01     0.6441E-02
     0.6431E-01     0.9694E-02
     0.7709E-01     0.1325E-01
     0.9219E-01     0.1715E-01
     0.1097E+00     0.2140E-01
     0.1297E+00     0.2602E-01
     0.1517E+00     0.3102E-01
     0.1753E+00     0.3641E-01
     0.1996E+00     0.4218E-01
     0.2236E+00     0.4831E-01
     0.2461E+00     0.5477E-01
     0.2658E+00     0.6151E-01
     0.2815E+00     0.6847E-01
     0.2924E+00     0.7560E-01
     0.2976E+00     0.8280E-01
     0.2970E+00     0.8999E-01
     0.2906E+00     0.9706E-01
     0.2789E+00     0.1039E+00
     0.2626E+00     0.1104E+00
     0.2426E+00     0.1165E+00
     0.2201E+00     0.1220E+00
     0.1963E+00     0.1269E+00
     0.1722E+00     0.1310E+00
     0.1487E+00     0.1342E+00
     0.1269E+00     0.1366E+00
     0.1072E+00     0.1380E+00
     0.9020E-01     0.1384E+00
     0.7614E-01     0.1379E+00
     0.6508E-01     0.1363E+00
     0.5694E-01     0.1338E+00
     0.5149E-01     0.1304E+00
     0.4837E-01     0.1262E+00
     0.4717E-01     0.1212E+00
     0.4740E-01     0.1155E+00
     0.4859E-01     0.1092E+00
     0.5026E-01     0.1024E+00
     0.5198E-01     0.9525E-01
     0.5335E-01     0.8778E-01
     0.5410E-01     0.8009E-01
     0.5399E-01     0.7226E-01
     0.5291E-01     0.6434E-01
     0.5083E-01     0.5638E-01
     0.4782E-01     0.4840E-01
     0.4402E-01     0.4042E-01
     0.3962E-01     0.3242E-01
     0.3484E-01     0.2438E-01
     0.2990E-01     0.1626E-01
     0.2501E-01     0.8015E-02
     0.2033E-01    -0.4224E-03
     0.1595E-01    -0.9118E-02
     0.1188E-01    -0.1814E-01
     0.8032E-02    -0.2755E-01
     0.4214E-02    -0.3742E-01
     0.9420E-04    -0.4778E-01
    -0.4793E-02    -0.5868E-01
    -0.1106E-01    -0.7012E-01
    -0.1945E-01    -0.8209E-01
    -0.3083E-01    -0.9457E-01
    -0.4610E-01    -0.1075E+00
    -0.6612E-01    -0.1207E+00
    -0.9158E-01    -0.1342E+00
    -0.1228E+00    -0.1477E+00
    -0.1597E+00    -0.1611E+00
    -0.2013E+00    -0.1742E+00
    -0.2462E+00    -0.1868E+00
    -0.2920E+00    -0.1987E+00
    -0.3361E+00    -0.2097E+00
    -0.3754E+00    -0.2195E+00
    -0.4067E+00    -0.2279E+00
    -0.4275E+00    -0.2349E+00
    -0.4360E+00    -0.2402E+00
    -0.4314E+00    -0.2437E+00
    -0.4141E+00    -0.2453E+00
    -0.3857E+00    -0.2451E+00
    -0.3486E+00    -0.2429E+00
    -0.3056E+00    -0.2390E+00
    -0.2599E+00    -0.2332E+00
    -0.2145E+00    -0.2259E+00
    -0.1717E+00    -0.2171E+00
    -0.1333E+00    -0.2069E+00
    -0.1003E+00    -0.1957E+00
    -0.7296E-01    -0.1837E+00
    -0.5114E-01    -0.1710E+00
    -0.3408E-01    -0.1578E+00
    -0.2083E-01    -0.1444E+00
    -0.1027E-01    -0.1310E+00
    -0.1188E-02    -0.1177E+00
     0.7608E-02    -0.1047E+00
     0.1730E-01    -0.9216E-01
     0.2903E-01    -0.8008E-01
     0.4386E-01    -0.6857E-01
     0.6275E-01    -0.5767E-01
     0.8645E-01    -0.4740E-01
     0.1155E+00    -0.3775E-01
     0.1502E+00    -0.2870E-01
     0.1903E+00    -0.2020E-01
     0.2353E+00    -0.1220E-01
     0.2846E+00    -0.4651E-02
     0.3370E+00     0.2518E-02
     0.3912E+00     0.9369E-02
     0.4458E+00     0.1596E-01
     0.4994E+00     0.2235E-01
     0.5504E+00     0.2859E-01
     0.5969E+00     0.3470E-01
     0.6373E+00     0.4074E-01
     0.6696E+00     0.4670E-01
     0.6917E+00     0.5261E-01
     0.7019E+00     0.5846E-01
     0.6989E+00     0.6424E-01
     0.6819E+00     0.6993E-01
     0.6511E+00     0.7552E-01
     0.6077E+00     0.8097E-01
     0.5537E+00     0.8625E-01
     0.4921E+00     0.9133E-01
     0.4263E+00     0.9617E-01
     0.3596E+00     0.1008E+00
     0.2952E+00     0.1050E+00
     0.2357E+00     0.1090E+00
     0.1830E+00     0.1126E+00
     0.1381E+00     0.1158E+00
     0.1011E+00     0.1186E+00
     0.7166E-01     0.1210E+00
     0.4895E-01     0.1230E+00
     0.3184E-01     0.1246E+00
     0.1909E-01     0.1258E+00
     0.9519E-02     0.1266E+00
     0.2053E-02     0.1269E+00
    -0.4212E-02     0.1269E+00
    -0.1000E-01     0.1265E+00
    -0.1585E-01     0.1257E+00
    -0.2213E-01     0.1245E+00
    -0.2903E-01     0.1231E+00
    -0.3663E-01     0.1212E+00
    -0.4487E-01     0.1191E+00
    -0.5357E-01     0.1167E+00
    -0.6252E-01     0.1141E+00
    -0.7142E-01     0.1111E+00
    -0.8001E-01     0.1080E+00
    -0.8801E-01     0.1046E+00
    -0.9517E-01     0.1010E+00
    -0.1013E+00     0.9724E-01
    -0.1063E+00     0.9331E-01
    -0.1100E+00     0.8921E-01
    -0.1123E+00     0.8498E-01
    -0.1133E+00     0.8062E-01
    -0.1128E+00     0.7614E-01
    -0.1109E+00     0.7156E-01
    -0.1076E+00     0.6690E-01
    -0.1030E+00     0.6217E-01
    -0.9728E-01     0.5739E-01
    -0.9067E-01     0.5258E-01
    -0.8358E-01     0.4775E-01
    -0.7651E-01     0.4293E-01
    -0.7001E-01     0.3814E-01
    -0.6468E-01     0.3341E-01
    -0.6113E-01     0.2875E-01
    -0.5986E-01     0.2419E-01
    -0.6124E-01     0.1976E-01
    -0.6544E-01     0.1548E-01
    -0.7241E-01     0.1137E-01
    -0.8183E-01     0.7455E-02
    -0.9318E-01     0.3754E-02
    -0.1057E+00     0.2870E-03
    -0.1187E+00    -0.2931E-02
    -0.1313E+00    -0.5886E-02
    -0.1428E+00    -0.8567E-02
    -0.1527E+00    -0.1097E-01
    -0.1605E+00    -0.1308E-01
    -0.1661E+00    -0.1490E-01
    -0.1697E+00    -0.1644E-01
    -0.1713E+00    -0.1770E-01
    -0.1714E+00    -0.1868E-01
    -0.1704E+00    -0.1939E-01
    -0.1684E+00    -0.1985E-01
    -0.1658E+00    -0.2008E-01
    -0.1628E+00    -0.2008E-01
    -0.1597E+00    -0.1988E-01
    -0.1564E+00    -0.1950E-01
    -0.1531E+00    -0.1895E-01
    -0.1500E+00    -0.1827E-01
    -0.1470E+00    -0.1747E-01
    -0.1442E+00    -0.1657E-01
    -0.1416E+00    -0.1560E-01
    -0.1391E+00    -0.1458E-01
    -0.1366E+00    -0.1352E-01
    -0.1338E+00    -0.1245E-01
    -0.1305E+00    -0.1139E-01
    -0.1264E+00    -0.1034E-01
    -0.1213E+00    -0.9322E-02
    -0.1151E+00    -0.8348E-02
    -0.1076E+00    -0.7426E-02
    -0.9907E-01    -0.6565E-02
    -0.8954E-01    -0.5770E-02
    -0.7934E-01    -0.5046E-02
    -0.6883E-01    -0.4397E-02
    -0.5840E-01    -0.3826E-02
    -0.4840E-01    -0.3336E-02
    -0.3915E-01    -0.2928E-02
    -0.3088E-01    -0.2606E-02
    -0.2374E-01    -0.2373E-02
    -0.1778E-01    -0.2236E-02
    -0.1296E-01    -0.2202E-02
    -0.9183E-02    -0.2281E-02
    -0.6316E-02    -0.2484E-02
    -0.4197E-02    -0.2829E-02
    -0.2659E-02    -0.3334E-02
    -0.1542E-02    -0.4023E-02
    -0.6934E-03    -0.4921E-02
     0.2718E-04    -0.6061E-02
     0.7565E-03    -0.7473E-02
     0.1633E-02    -0.9196E-02
     0.2803E-02    -0.1127E-01
     0.4426E-02    -0.1372E-01
     0.6675E-02    -0.1660E-01
     0.9731E-02    -0.1994E-01
     0.1377E-01    -0.2376E-01
     0.1895E-01    -0.2810E-01
     0.2537E-01    -0.3296E-01
     0.3309E-01    -0.3836E-01
     0.4204E-01    -0.4427E-01
     0.5209E-01    -0.5068E-01
     0.6299E-01    -0.5755E-01
     0.7440E-01    -0.6481E-01
     0.8595E-01    -0.7239E-01
     0.9726E-01    -0.8019E-01
     0.1080E+00    -0.8810E-01
     0.1179E+00    -0.9599E-01
     0.1270E+00    -0.1037E+00
     0.1352E+00    -0.1111E+00
     0.1429E+00    -0.1181E+00
     0.1504E+00    -0.1244E+00
     0.1583E+00    -0.1300E+00
     0.1671E+00    -0.1346E+00
     0.1773E+00    -0.1383E+00
     0.1892E+00    -0.1408E+00
     0.2031E+00    -0.1421E+00
     0.2187E+00    -0.1421E+00
     0.2358E+00    -0.1410E+00
     0.2533E+00    -0.1385E+00
     0.2704E+00    -0.1349E+00
     0.2856E+00    -0.1302E+00
     0.2976E+00    -0.1244E+00
     0.3052E+00    -0.1178E+00
     0.3073E+00    -0.1104E+00
     0.3032E+00    -0.1025E+00
     0.2929E+00    -0.9417E-01
     0.2768E+00    -0.8559E-01
     0.2556E+00    -0.7693E-01
     0.2306E+00    -0.6835E-01
     0.2031E+00    -0.5999E-01
     0.1748E+00    -0.5198E-01
     0.1469E+00    -0.4441E-01
     0.1206E+00    -0.3737E-01
     0.9664E-01    -0.3093E-01
     0.7569E-01    -0.2512E-01
     0.5793E-01    -0.1995E-01
     0.4332E-01    -0.1544E-01
     0.3167E-01    -0.1156E-01
     0.2262E-01    -0.8287E-02
     0.1579E-01    -0.5574E-02
     0.1077E-01    -0.3375E-02
     0.7178E-02    -0.1637E-02
     0.4672E-02    -0.3032E-03
     0.2968E-02     0.6828E-03
     0.1840E-02     0.1376E-02
     0.1113E-02     0.1828E-02
     0.6560E-03     0.2087E-02
     0.3768E-03     0.2194E-02
     0.2108E-03     0.2188E-02
     0.1147E-03     0.2100E-02
     0.6046E-04     0.1956E-02
     0.3039E-04     0.1777E-02
     0.1331E-04     0.1581E-02
     0.2248E-05     0.1379E-02
    -0.7968E-05     0.1181E-02
    -0.2222E-04     0.9926E-03
    -0.4696E-04     0.8169E-03
    -0.9194E-04     0.6553E-03
    -0.1731E-03     0.5077E-03
    -0.3159E-03     0.3725E-03
    -0.5598E-03     0.2474E-03
    -0.9640E-03     0.1292E-03
    -0.1613E-02     0.1416E-04
    -0.2625E-02    -0.1018E-03
    -0.4154E-02    -0.2231E-03
    -0.6393E-02    -0.3546E-03
    -0.9569E-02    -0.5013E-03
    -0.1394E-01    -0.6685E-03
    -0.1975E-01    -0.8617E-03
    -0.2724E-01    -0.1087E-02
    -0.3656E-01    -0.1350E-02
    -0.4776E-01    -0.1657E-02
    -0.6075E-01    -0.2014E-02
    -0.7522E-01    -0.2428E-02
    -0.9068E-01    -0.2905E-02
    -0.1064E+00    -0.3451E-02
    -0.1216E+00    -0.4072E-02
    -0.1353E+00    -0.4773E-02
    -0.1466E+00    -0.5558E-02
    -0.1546E+00    -0.6431E-02
    -0.1587E+00    -0.7395E-02
    -0.1585E+00    -0.8450E-02
    -0.1541E+00    -0.9596E-02
    -0.1458E+00    -0.1083E-01
    -0.1342E+00    -0.1215E-01
    -0.1202E+00    -0.1355E-01
    -0.1047E+00    -0.1502E-01
    -0.8865E-01    -0.1654E-01
    -0.7300E-01    -0.1812E-01
    -0.5845E-01    -0.1973E-01
    -0.4548E-01    -0.2136E-01
    -0.3440E-01    -0.2299E-01
    -0.2528E-01    -0.2460E-01
    -0.1805E-01    -0.2618E-01
    -0.1252E-01    -0.2769E-01
    -0.8438E-02    -0.2913E-01
    -0.5522E-02    -0.3046E-01
    -0.3509E-02    -0.3168E-01
    -0.2165E-02    -0.3277E-01
    -0.1297E-02    -0.3370E-01
    -0.7546E-03    -0.3446E-01
    -0.4261E-03    -0.3504E-01
    -0.2335E-03    -0.3543E-01
    -0.1242E-03    -0.3563E-01
    -0.6406E-04    -0.3563E-01
    -0.3197E-04    -0.3543E-01
    -0.1515E-04    -0.3503E-01
    -0.6357E-05    -0.3445E-01
    -0.1141E-05    -0.3368E-01
     0.3208E-05    -0.3274E-01
     0.8901E-05    -0.3165E-01
     0.1850E-04    -0.3043E-01
     0.3541E-04    -0.2908E-01
     0.6550E-04    -0.2764E-01
     0.1173E-03    -0.2611E-01
     0.2039E-03    -0.2452E-01
     0.3444E-03    -0.2289E-01
     0.5649E-03    -0.2125E-01
     0.9004E-03    -0.1959E-01
     0.1394E-02    -0.1796E-01
     0.2098E-02    -0.1635E-01
     0.3067E-02    -0.1478E-01
     0.4358E-02    -0.1327E-01
     0.6018E-02    -0.1181E-01
     0.8077E-02    -0.1042E-01
     0.1054E-01    -0.9088E-02
     0.1336E-01    -0.7826E-02
     0.1647E-01    -0.6625E-02
     0.1974E-01    -0.5480E-02
     0.2299E-01    -0.4380E-02
     0.2603E-01    -0.3315E-02
     0.2866E-01    -0.2271E-02
     0.3067E-01    -0.1232E-02
     0.3190E-01    -0.1803E-03
     0.3226E-01     0.9038E-03
     0.3171E-01     0.2040E-02
     0.3029E-01     0.3250E-02
     0.2813E-01     0.4555E-02
     0.2539E-01     0.5975E-02
     0.2228E-01     0.7531E-02
     0.1902E-01     0.9241E-02
     0.1582E-01     0.1112E-01
     0.1286E-01     0.1319E-01
     0.1028E-01     0.1544E-01
     0.8202E-02     0.1790E-01
     0.6711E-02     0.2056E-01
     0.5881E-02     0.2341E-01
     0.5786E-02     0.2645E-01
     0.6510E-02     0.2965E-01
     0.8161E-02     0.3300E-01
     0.1086E-01     0.3646E-01
     0.1476E-01     0.4000E-01
     0.1997E-01     0.4357E-01
     0.2660E-01     0.4713E-01
     0.3467E-01     0.5062E-01
     0.4412E-01     0.5400E-01
     0.5476E-01     0.5721E-01
     0.6624E-01     0.6018E-01
     0.7812E-01     0.6288E-01
     0.8981E-01     0.6524E-01
     0.1007E+00     0.6723E-01
     0.1100E+00     0.6880E-01
     0.1173E+00     0.6992E-01
     0.1220E+00     0.7057E-01
     0.1238E+00     0.7073E-01
     0.1227E+00     0.7040E-01
     0.1186E+00     0.6960E-01
     0.1120E+00     0.6832E-01
     0.1033E+00     0.6661E-01
     0.9296E-01     0.6448E-01
     0.8172E-01     0.6199E-01
     0.7013E-01     0.5919E-01
     0.5876E-01     0.5611E-01
     0.4805E-01     0.5281E-01
     0.3834E-01     0.4936E-01
     0.2984E-01     0.4579E-01
     0.2265E-01     0.4217E-01
     0.1676E-01     0.3854E-01
     0.1209E-01     0.3494E-01
     0.8491E-02     0.3142E-01
     0.5804E-02     0.2798E-01
     0.3855E-02     0.2467E-01
     0.2477E-02     0.2148E-01
     0.1521E-02     0.1843E-01
     0.8574E-03     0.1551E-01
     0.3804E-03     0.1271E-01
    -0.1341E-06     0.1000E-01
    -0.3600E-03     0.7368E-02
    -0.7671E-03     0.4767E-02
    -0.1284E-02     0.2160E-02
    -0.1970E-02    -0.4945E-03
    -0.2883E-02    -0.3246E-02
    -0.4073E-02    -0.6145E-02
    -0.5578E-02    -0.9241E-02
    -0.7419E-02    -0.1258E-01
    -0.9589E-02    -0.1622E-01
    -0.1205E-01    -0.2019E-01
    -0.1474E-01    -0.2454E-01
    -0.1754E-01    -0.2929E-01
    -0.2034E-01    -0.3445E-01
    -0.2300E-01    -0.4004E-01
    -0.2540E-01    -0.4604E-01
    -0.2746E-01    -0.5244E-01
    -0.2916E-01    -0.5918E-01
    -0.3054E-01    -0.6623E-01
    -0.3175E-01    -0.7350E-01
    -0.3304E-01    -0.8090E-01
    -0.3475E-01    -0.8835E-01
    -0.3731E-01    -0.9572E-01
    -0.4121E-01    -0.1029E+00
    -0.4695E-01    -0.1098E+00
    -0.5502E-01    -0.1162E+00
    -0.6578E-01    -0.1220E+00
    -0.7944E-01    -0.1271E+00
    -0.9599E-01    -0.1315E+00
    -0.1151E+00    -0.1349E+00
    -0.1361E+00    -0.1374E+00
    -0.1581E+00    -0.1388E+00
    -0.1799E+00    -0.1392E+00
    -0.2001E+00    -0.1385E+00
    -0.2174E+00    -0.1367E+00
    -0.2304E+00    -0.1339E+00
    -0.2383E+00    -0.1302E+00
    -0.2404E+00    -0.1256E+00
    -0.2367E+00    -0.1202E+00
    -0.2274E+00    -0.1142E+00
    -0.2134E+00    -0.1076E+00
    -0.1957E+00    -0.1006E+00
    -0.1754E+00    -0.9333E-01
    -0.1540E+00    -0.8591E-01
    -0.1324E+00    -0.7843E-01
    -0.1117E+00    -0.7103E-01
    -0.9251E-01    -0.6378E-01
    -0.7535E-01    -0.5676E-01
    -0.6041E-01    -0.5005E-01
    -0.4772E-01    -0.4369E-01
    -0.3716E-01    -0.3771E-01
    -0.2853E-01    -0.3212E-01
    -0.2159E-01    -0.2692E-01
    -0.1607E-01    -0.2211E-01
    -0.1173E-01    -0.1764E-01
    -0.8333E-02    -0.1350E-01
    -0.5663E-02    -0.9637E-02
    -0.3524E-02    -0.5999E-02
    -0.1732E-02    -0.2539E-02
    -0.1145E-03     0.7992E-03
     0.1492E-02     0.4067E-02
     0.3238E-02     0.7314E-02
     0.5258E-02     0.1059E-01
     0.7666E-02     0.1393E-01
     0.1054E-01     0.1737E-01
     0.1392E-01     0.2094E-01
     0.1780E-01     0.2466E-01
     0.2213E-01     0.2853E-01
     0.2679E-01     0.3254E-01
     0.3164E-01     0.3669E-01
     0.3654E-01     0.4095E-01
     0.4133E-01     0.4529E-01
     0.4588E-01     0.4966E-01
     0.5013E-01     0.5402E-01
     0.5408E-01     0.5830E-01
     0.5776E-01     0.6244E-01
     0.6130E-01     0.6638E-01
     0.6484E-01     0.7005E-01
     0.6853E-01     0.7337E-01
     0.7248E-01     0.7629E-01
     0.7675E-01     0.7876E-01
     0.8133E-01     0.8071E-01
     0.8611E-01     0.8210E-01
     0.9088E-01     0.8292E-01
     0.9535E-01     0.8314E-01
     0.9922E-01     0.8275E-01
     0.1021E+00     0.8176E-01
     0.1037E+00     0.8020E-01
     0.1039E+00     0.7810E-01
     0.1023E+00     0.7549E-01
     0.9905E-01     0.7244E-01
     0.9425E-01     0.6901E-01
     0.8815E-01     0.6525E-01
     0.8114E-01     0.6125E-01
     0.7366E-01     0.5707E-01
     0.6618E-01     0.5279E-01
     0.5916E-01     0.4846E-01
     0.5295E-01     0.4417E-01
