4  14
   0.0000000e+00   4.0000000e+00   1.9000000e+00   2.6000000e+00
   1.5000000e+01   4.0000000e+00   1.9000000e+00   2.6000000e+00
   1.1500000e+02   4.0000000e+00   1.9000000e+00   2.6000000e+00
   2.5000000e+02   4.0000000e+00   1.9000000e+00   2.6000000e+00
   3.7100000e+02   4.7500000e+00   1.8631579e+00   3.5300000e+00
   4.0000000e+02   4.7700000e+00   1.8679245e+00   3.5400000e+00
   4.7100000e+02   5.1400000e+00   1.8482490e+00   3.8100000e+00
   5.7100000e+02   5.4300000e+00   1.8434622e+00   3.9400000e+00
   6.0000000e+02   5.5200000e+00   1.8405797e+00   3.9800000e+00
   6.7000000e+02   5.5700000e+00   1.8438061e+00   4.3800000e+00
   7.7100000e+02   6.2400000e+00   1.7740385e+00   4.4400000e+00
   8.7100000e+02   6.3100000e+00   1.7812995e+00   4.5000000e+00
   9.7100000e+02   6.3800000e+00   1.7899687e+00   4.5600000e+00
   1.0710000e+03   6.4400000e+00   1.7981366e+00   4.6200000e+00
