 -0.0000000000E+00
 -0.0000000000E+00
 -0.0000000000E+00
 -0.0000000000E+00
 -0.0000000000E+00
 -0.0000000000E+00
 -0.0000000000E+00
 -0.0000000000E+00
 -0.0000000000E+00
 -0.0000000000E+00
 -0.0000000000E+00
 -0.0000000000E+00
 -0.0000000000E+00
 -0.0000000000E+00
 -0.0000000000E+00
 -0.0000000000E+00
 -0.0000000000E+00
 -0.0000000000E+00
 -0.0000000000E+00
  7.2647655010E-01
 -0.0000000000E+00
 -0.0000000000E+00
 -0.0000000000E+00
 -0.0000000000E+00
 -0.0000000000E+00
 -0.0000000000E+00
 -0.0000000000E+00
 -0.0000000000E+00
 -0.0000000000E+00
 -0.0000000000E+00
 -0.0000000000E+00
 -0.0000000000E+00
 -0.0000000000E+00
 -0.0000000000E+00
 -0.0000000000E+00
 -0.0000000000E+00
 -0.0000000000E+00
 -0.0000000000E+00
 -0.0000000000E+00
 -0.0000000000E+00
 -0.0000000000E+00
 -0.0000000000E+00
 -0.0000000000E+00
 -0.0000000000E+00
 -0.0000000000E+00
 -0.0000000000E+00
 -0.0000000000E+00
 -0.0000000000E+00
 -0.0000000000E+00
 -0.0000000000E+00
 -0.0000000000E+00
 -0.0000000000E+00
 -0.0000000000E+00
 -0.0000000000E+00
 -0.0000000000E+00
 -0.0000000000E+00
 -0.0000000000E+00
 -0.0000000000E+00
 -0.0000000000E+00
 -0.0000000000E+00
 -0.0000000000E+00
 -0.0000000000E+00
 -0.0000000000E+00
 -0.0000000000E+00
 -0.0000000000E+00
 -0.0000000000E+00
 -0.0000000000E+00
 -0.0000000000E+00
 -0.0000000000E+00
 -0.0000000000E+00
 -0.0000000000E+00
 -0.0000000000E+00
 -0.0000000000E+00
 -0.0000000000E+00
  2.3878504336E-01
 -0.0000000000E+00
 -0.0000000000E+00
 -0.0000000000E+00
 -0.0000000000E+00
 -0.0000000000E+00
 -0.0000000000E+00
 -0.0000000000E+00
 -0.0000000000E+00
 -0.0000000000E+00
 -0.0000000000E+00
 -0.0000000000E+00
 -0.0000000000E+00
 -0.0000000000E+00
 -0.0000000000E+00
 -0.0000000000E+00
 -0.0000000000E+00
 -0.0000000000E+00
 -0.0000000000E+00
 -0.0000000000E+00
 -0.0000000000E+00
 -0.0000000000E+00
 -0.0000000000E+00
 -0.0000000000E+00
 -0.0000000000E+00
 -0.0000000000E+00
 -0.0000000000E+00
 -0.0000000000E+00
 -0.0000000000E+00
 -0.0000000000E+00
 -0.0000000000E+00
 -0.0000000000E+00
 -0.0000000000E+00
 -0.0000000000E+00
 -0.0000000000E+00
 -0.0000000000E+00
 -0.0000000000E+00
 -0.0000000000E+00
 -0.0000000000E+00
 -0.0000000000E+00
 -0.0000000000E+00
 -0.0000000000E+00
 -0.0000000000E+00
 -0.0000000000E+00
 -0.0000000000E+00
 -0.0000000000E+00
 -0.0000000000E+00
 -0.0000000000E+00
 -0.0000000000E+00
 -0.0000000000E+00
 -0.0000000000E+00
 -0.0000000000E+00
 -0.0000000000E+00
 -0.0000000000E+00
 -0.0000000000E+00
 -0.0000000000E+00
 -0.0000000000E+00
 -0.0000000000E+00
 -0.0000000000E+00
 -0.0000000000E+00
 -0.0000000000E+00
 -0.0000000000E+00
 -0.0000000000E+00
 -0.0000000000E+00
 -0.0000000000E+00
 -0.0000000000E+00
 -0.0000000000E+00
  9.3150682747E-02
 -0.0000000000E+00
 -0.0000000000E+00
 -0.0000000000E+00
 -0.0000000000E+00
 -0.0000000000E+00
 -0.0000000000E+00
 -0.0000000000E+00
 -0.0000000000E+00
 -0.0000000000E+00
 -0.0000000000E+00
 -0.0000000000E+00
 -0.0000000000E+00
 -1.2664680183E-01
 -0.0000000000E+00
 -0.0000000000E+00
 -0.0000000000E+00
 -0.0000000000E+00
 -0.0000000000E+00
 -0.0000000000E+00
 -0.0000000000E+00
 -0.0000000000E+00
 -0.0000000000E+00
 -0.0000000000E+00
 -0.0000000000E+00
 -0.0000000000E+00
 -0.0000000000E+00
 -0.0000000000E+00
 -0.0000000000E+00
 -0.0000000000E+00
 -0.0000000000E+00
 -0.0000000000E+00
 -0.0000000000E+00
 -0.0000000000E+00
 -0.0000000000E+00
 -0.0000000000E+00
 -0.0000000000E+00
 -0.0000000000E+00
 -0.0000000000E+00
 -0.0000000000E+00
 -0.0000000000E+00
 -0.0000000000E+00
 -0.0000000000E+00
 -0.0000000000E+00
 -0.0000000000E+00
 -0.0000000000E+00
 -0.0000000000E+00
 -0.0000000000E+00
 -0.0000000000E+00
 -0.0000000000E+00
 -0.0000000000E+00
 -0.0000000000E+00
 -0.0000000000E+00
 -0.0000000000E+00
 -0.0000000000E+00
 -0.0000000000E+00
 -0.0000000000E+00
 -0.0000000000E+00
 -0.0000000000E+00
 -0.0000000000E+00
 -0.0000000000E+00
 -0.0000000000E+00
 -0.0000000000E+00
 -0.0000000000E+00
 -0.0000000000E+00
 -0.0000000000E+00
 -0.0000000000E+00
 -0.0000000000E+00
  2.2978295386E-01
 -0.0000000000E+00
 -0.0000000000E+00
 -0.0000000000E+00
 -0.0000000000E+00
 -0.0000000000E+00
 -0.0000000000E+00
 -0.0000000000E+00
 -0.0000000000E+00
 -0.0000000000E+00
 -0.0000000000E+00
 -0.0000000000E+00
 -0.0000000000E+00
 -0.0000000000E+00
 -0.0000000000E+00
 -0.0000000000E+00
 -0.0000000000E+00
 -0.0000000000E+00
 -0.0000000000E+00
 -0.0000000000E+00
 -0.0000000000E+00
 -0.0000000000E+00
 -0.0000000000E+00
 -0.0000000000E+00
 -0.0000000000E+00
 -0.0000000000E+00
 -0.0000000000E+00
 -8.9538373053E-02
 -0.0000000000E+00
 -0.0000000000E+00
 -0.0000000000E+00
 -0.0000000000E+00
 -0.0000000000E+00
 -0.0000000000E+00
 -0.0000000000E+00
 -0.0000000000E+00
 -0.0000000000E+00
 -0.0000000000E+00
 -0.0000000000E+00
 -0.0000000000E+00
 -0.0000000000E+00
 -0.0000000000E+00
 -0.0000000000E+00
 -0.0000000000E+00
 -0.0000000000E+00
 -0.0000000000E+00
 -0.0000000000E+00
 -0.0000000000E+00
 -0.0000000000E+00
 -0.0000000000E+00
 -0.0000000000E+00
 -0.0000000000E+00
 -0.0000000000E+00
 -0.0000000000E+00
 -0.0000000000E+00
 -2.3443150520E-01
 -0.0000000000E+00
 -0.0000000000E+00
 -0.0000000000E+00
 -0.0000000000E+00
 -0.0000000000E+00
 -0.0000000000E+00
 -0.0000000000E+00
 -0.0000000000E+00
 -0.0000000000E+00
 -0.0000000000E+00
 -0.0000000000E+00
 -0.0000000000E+00
 -0.0000000000E+00
 -0.0000000000E+00
 -0.0000000000E+00
 -0.0000000000E+00
 -0.0000000000E+00
 -0.0000000000E+00
 -0.0000000000E+00
 -0.0000000000E+00
 -0.0000000000E+00
 -0.0000000000E+00
 -0.0000000000E+00
 -0.0000000000E+00
 -0.0000000000E+00
 -0.0000000000E+00
 -0.0000000000E+00
 -0.0000000000E+00
 -0.0000000000E+00
 -0.0000000000E+00
 -0.0000000000E+00
 -0.0000000000E+00
 -5.5371704511E-03
 -0.0000000000E+00
 -0.0000000000E+00
