 -0.0000000000E+00
 -0.0000000000E+00
 -0.0000000000E+00
 -0.0000000000E+00
 -0.0000000000E+00
 -0.0000000000E+00
 -0.0000000000E+00
 -0.0000000000E+00
 -0.0000000000E+00
 -0.0000000000E+00
 -0.0000000000E+00
 -0.0000000000E+00
 -0.0000000000E+00
 -0.0000000000E+00
 -0.0000000000E+00
 -0.0000000000E+00
 -0.0000000000E+00
 -0.0000000000E+00
 -0.0000000000E+00
  4.5708578825E-01
 -0.0000000000E+00
  2.8094217181E-01
 -0.0000000000E+00
 -0.0000000000E+00
 -9.6216313541E-02
 -0.0000000000E+00
  2.2308045626E-01
 -0.0000000000E+00
 -2.1429163218E-01
 -0.0000000000E+00
  1.4870204031E-01
 -0.0000000000E+00
 -0.0000000000E+00
 -0.0000000000E+00
 -0.0000000000E+00
 -0.0000000000E+00
 -0.0000000000E+00
 -0.0000000000E+00
 -0.0000000000E+00
 -0.0000000000E+00
 -0.0000000000E+00
 -0.0000000000E+00
 -0.0000000000E+00
 -0.0000000000E+00
 -0.0000000000E+00
 -0.0000000000E+00
 -0.0000000000E+00
 -0.0000000000E+00
 -4.2754162103E-02
 -0.0000000000E+00
 -0.0000000000E+00
 -0.0000000000E+00
 -0.0000000000E+00
 -0.0000000000E+00
 -0.0000000000E+00
 -0.0000000000E+00
 -0.0000000000E+00
 -0.0000000000E+00
 -0.0000000000E+00
 -0.0000000000E+00
  1.4552856982E-01
  2.3188073933E-01
 -0.0000000000E+00
 -0.0000000000E+00
 -0.0000000000E+00
 -0.0000000000E+00
 -0.0000000000E+00
 -0.0000000000E+00
 -0.0000000000E+00
 -0.0000000000E+00
 -0.0000000000E+00
 -8.1171713769E-02
 -0.0000000000E+00
 -0.0000000000E+00
 -0.0000000000E+00
 -0.0000000000E+00
 -0.0000000000E+00
 -0.0000000000E+00
 -0.0000000000E+00
 -0.0000000000E+00
 -0.0000000000E+00
 -0.0000000000E+00
 -0.0000000000E+00
 -0.0000000000E+00
 -0.0000000000E+00
 -0.0000000000E+00
 -0.0000000000E+00
 -0.0000000000E+00
 -0.0000000000E+00
 -0.0000000000E+00
 -0.0000000000E+00
 -0.0000000000E+00
 -0.0000000000E+00
 -0.0000000000E+00
 -0.0000000000E+00
 -0.0000000000E+00
 -0.0000000000E+00
 -0.0000000000E+00
 -0.0000000000E+00
 -0.0000000000E+00
 -0.0000000000E+00
 -0.0000000000E+00
 -0.0000000000E+00
 -0.0000000000E+00
 -0.0000000000E+00
 -0.0000000000E+00
 -0.0000000000E+00
 -0.0000000000E+00
 -0.0000000000E+00
 -0.0000000000E+00
 -0.0000000000E+00
 -0.0000000000E+00
 -0.0000000000E+00
 -0.0000000000E+00
 -0.0000000000E+00
 -0.0000000000E+00
 -0.0000000000E+00
 -0.0000000000E+00
 -0.0000000000E+00
 -0.0000000000E+00
 -0.0000000000E+00
 -0.0000000000E+00
 -0.0000000000E+00
 -0.0000000000E+00
 -0.0000000000E+00
 -0.0000000000E+00
 -5.6903727353E-02
 -0.0000000000E+00
 -0.0000000000E+00
 -0.0000000000E+00
 -0.0000000000E+00
 -0.0000000000E+00
 -0.0000000000E+00
 -0.0000000000E+00
 -0.0000000000E+00
 -0.0000000000E+00
 -0.0000000000E+00
 -0.0000000000E+00
 -0.0000000000E+00
 -0.0000000000E+00
 -0.0000000000E+00
 -0.0000000000E+00
 -0.0000000000E+00
 -0.0000000000E+00
 -0.0000000000E+00
 -0.0000000000E+00
 -0.0000000000E+00
 -0.0000000000E+00
 -0.0000000000E+00
 -0.0000000000E+00
 -0.0000000000E+00
 -0.0000000000E+00
 -0.0000000000E+00
 -0.0000000000E+00
 -0.0000000000E+00
 -0.0000000000E+00
 -0.0000000000E+00
 -0.0000000000E+00
 -0.0000000000E+00
 -0.0000000000E+00
 -0.0000000000E+00
 -0.0000000000E+00
 -0.0000000000E+00
 -0.0000000000E+00
 -0.0000000000E+00
 -0.0000000000E+00
 -0.0000000000E+00
 -0.0000000000E+00
  2.3483306170E-01
 -0.0000000000E+00
 -0.0000000000E+00
 -0.0000000000E+00
 -0.0000000000E+00
 -0.0000000000E+00
 -0.0000000000E+00
 -0.0000000000E+00
 -0.0000000000E+00
 -0.0000000000E+00
 -0.0000000000E+00
 -0.0000000000E+00
 -0.0000000000E+00
 -0.0000000000E+00
 -0.0000000000E+00
 -0.0000000000E+00
 -0.0000000000E+00
 -0.0000000000E+00
 -0.0000000000E+00
  1.2467185967E-02
 -0.0000000000E+00
 -0.0000000000E+00
 -0.0000000000E+00
 -0.0000000000E+00
 -0.0000000000E+00
 -0.0000000000E+00
 -0.0000000000E+00
 -3.7671986502E-04
 -0.0000000000E+00
 -2.8346891049E-03
 -0.0000000000E+00
 -0.0000000000E+00
 -0.0000000000E+00
 -0.0000000000E+00
 -0.0000000000E+00
 -0.0000000000E+00
 -0.0000000000E+00
 -0.0000000000E+00
 -0.0000000000E+00
 -0.0000000000E+00
 -0.0000000000E+00
 -0.0000000000E+00
 -1.0451574624E-01
 -0.0000000000E+00
 -0.0000000000E+00
 -0.0000000000E+00
 -0.0000000000E+00
 -0.0000000000E+00
 -0.0000000000E+00
 -0.0000000000E+00
 -0.0000000000E+00
 -0.0000000000E+00
 -0.0000000000E+00
 -0.0000000000E+00
 -0.0000000000E+00
 -0.0000000000E+00
 -0.0000000000E+00
 -0.0000000000E+00
 -0.0000000000E+00
 -0.0000000000E+00
 -2.4575667339E-04
 -0.0000000000E+00
 -0.0000000000E+00
 -0.0000000000E+00
 -0.0000000000E+00
 -0.0000000000E+00
 -0.0000000000E+00
 -0.0000000000E+00
 -0.0000000000E+00
 -0.0000000000E+00
 -0.0000000000E+00
 -0.0000000000E+00
 -1.0737543926E-03
 -0.0000000000E+00
 -0.0000000000E+00
 -0.0000000000E+00
 -0.0000000000E+00
 -0.0000000000E+00
 -0.0000000000E+00
 -0.0000000000E+00
 -0.0000000000E+00
 -0.0000000000E+00
 -0.0000000000E+00
 -0.0000000000E+00
 -0.0000000000E+00
 -0.0000000000E+00
 -0.0000000000E+00
 -0.0000000000E+00
 -0.0000000000E+00
 -0.0000000000E+00
 -0.0000000000E+00
 -0.0000000000E+00
 -0.0000000000E+00
 -0.0000000000E+00
 -0.0000000000E+00
 -0.0000000000E+00
 -0.0000000000E+00
 -0.0000000000E+00
 -0.0000000000E+00
 -0.0000000000E+00
 -0.0000000000E+00
 -0.0000000000E+00
 -0.0000000000E+00
 -0.0000000000E+00
 -0.0000000000E+00
 -0.0000000000E+00
 -0.0000000000E+00
 -0.0000000000E+00
 -0.0000000000E+00
 -0.0000000000E+00
 -0.0000000000E+00
 -0.0000000000E+00
 -0.0000000000E+00
 -0.0000000000E+00
 -0.0000000000E+00
 -0.0000000000E+00
 -0.0000000000E+00
 -0.0000000000E+00
 -0.0000000000E+00
 -0.0000000000E+00
 -0.0000000000E+00
 -0.0000000000E+00
 -0.0000000000E+00
 -0.0000000000E+00
 -0.0000000000E+00
 -0.0000000000E+00
 -0.0000000000E+00
 -0.0000000000E+00
 -0.0000000000E+00
 -0.0000000000E+00
 -0.0000000000E+00
 -0.0000000000E+00
