  0.0000000000E+00
  0.0000000000E+00
  0.0000000000E+00
  0.0000000000E+00
  0.0000000000E+00
  0.0000000000E+00
  0.0000000000E+00
  0.0000000000E+00
  0.0000000000E+00
  0.0000000000E+00
  0.0000000000E+00
  0.0000000000E+00
  0.0000000000E+00
  0.0000000000E+00
  0.0000000000E+00
  0.0000000000E+00
  0.0000000000E+00
  0.0000000000E+00
  0.0000000000E+00
  1.8760401011E+00
  0.0000000000E+00
  0.0000000000E+00
  0.0000000000E+00
  0.0000000000E+00
  0.0000000000E+00
  0.0000000000E+00
  0.0000000000E+00
  0.0000000000E+00
  0.0000000000E+00
  0.0000000000E+00
  0.0000000000E+00
  0.0000000000E+00
  0.0000000000E+00
  0.0000000000E+00
  0.0000000000E+00
  0.0000000000E+00
  0.0000000000E+00
  0.0000000000E+00
  0.0000000000E+00
  0.0000000000E+00
  0.0000000000E+00
  0.0000000000E+00
  0.0000000000E+00
  0.0000000000E+00
  0.0000000000E+00
  0.0000000000E+00
  0.0000000000E+00
  0.0000000000E+00
  0.0000000000E+00
  0.0000000000E+00
  0.0000000000E+00
  0.0000000000E+00
  0.0000000000E+00
  0.0000000000E+00
  0.0000000000E+00
  0.0000000000E+00
  0.0000000000E+00
  0.0000000000E+00
  0.0000000000E+00
  0.0000000000E+00
  0.0000000000E+00
  0.0000000000E+00
  0.0000000000E+00
  0.0000000000E+00
  0.0000000000E+00
  0.0000000000E+00
  0.0000000000E+00
  0.0000000000E+00
  0.0000000000E+00
  0.0000000000E+00
  0.0000000000E+00
  0.0000000000E+00
  0.0000000000E+00
  0.0000000000E+00
 -5.0900157541E-02
  0.0000000000E+00
  0.0000000000E+00
  0.0000000000E+00
  0.0000000000E+00
  0.0000000000E+00
  0.0000000000E+00
  0.0000000000E+00
  0.0000000000E+00
  0.0000000000E+00
  0.0000000000E+00
  0.0000000000E+00
  0.0000000000E+00
  0.0000000000E+00
  0.0000000000E+00
  0.0000000000E+00
  0.0000000000E+00
  0.0000000000E+00
  0.0000000000E+00
  0.0000000000E+00
  0.0000000000E+00
  0.0000000000E+00
  0.0000000000E+00
  0.0000000000E+00
  0.0000000000E+00
  0.0000000000E+00
  0.0000000000E+00
  0.0000000000E+00
  0.0000000000E+00
  0.0000000000E+00
  0.0000000000E+00
  0.0000000000E+00
  0.0000000000E+00
  0.0000000000E+00
  0.0000000000E+00
  0.0000000000E+00
  0.0000000000E+00
  0.0000000000E+00
  0.0000000000E+00
  0.0000000000E+00
  0.0000000000E+00
  0.0000000000E+00
  0.0000000000E+00
  0.0000000000E+00
  0.0000000000E+00
  0.0000000000E+00
  0.0000000000E+00
  0.0000000000E+00
  0.0000000000E+00
  0.0000000000E+00
  0.0000000000E+00
  0.0000000000E+00
  0.0000000000E+00
  0.0000000000E+00
  0.0000000000E+00
  0.0000000000E+00
  0.0000000000E+00
  0.0000000000E+00
  0.0000000000E+00
  0.0000000000E+00
  0.0000000000E+00
  0.0000000000E+00
  0.0000000000E+00
  0.0000000000E+00
  0.0000000000E+00
  0.0000000000E+00
  0.0000000000E+00
 -1.9856287166E-02
  0.0000000000E+00
  0.0000000000E+00
  0.0000000000E+00
  0.0000000000E+00
  0.0000000000E+00
  0.0000000000E+00
  0.0000000000E+00
  0.0000000000E+00
  0.0000000000E+00
  0.0000000000E+00
  0.0000000000E+00
  0.0000000000E+00
 -3.2705044746E-01
  0.0000000000E+00
  0.0000000000E+00
  0.0000000000E+00
  0.0000000000E+00
  0.0000000000E+00
  0.0000000000E+00
  0.0000000000E+00
  0.0000000000E+00
  0.0000000000E+00
  0.0000000000E+00
  0.0000000000E+00
  0.0000000000E+00
  0.0000000000E+00
  0.0000000000E+00
  0.0000000000E+00
  0.0000000000E+00
  0.0000000000E+00
  0.0000000000E+00
  0.0000000000E+00
  0.0000000000E+00
  0.0000000000E+00
  0.0000000000E+00
  0.0000000000E+00
  0.0000000000E+00
  0.0000000000E+00
  0.0000000000E+00
  0.0000000000E+00
  0.0000000000E+00
  0.0000000000E+00
  0.0000000000E+00
  0.0000000000E+00
  0.0000000000E+00
  0.0000000000E+00
  0.0000000000E+00
  0.0000000000E+00
  0.0000000000E+00
  0.0000000000E+00
  0.0000000000E+00
  0.0000000000E+00
  0.0000000000E+00
  0.0000000000E+00
  0.0000000000E+00
  0.0000000000E+00
  0.0000000000E+00
  0.0000000000E+00
  0.0000000000E+00
  0.0000000000E+00
  0.0000000000E+00
  0.0000000000E+00
  0.0000000000E+00
  0.0000000000E+00
  0.0000000000E+00
  0.0000000000E+00
  0.0000000000E+00
 -4.8981238157E-02
  0.0000000000E+00
  0.0000000000E+00
  0.0000000000E+00
  0.0000000000E+00
  0.0000000000E+00
  0.0000000000E+00
  0.0000000000E+00
  0.0000000000E+00
  0.0000000000E+00
  0.0000000000E+00
  0.0000000000E+00
  0.0000000000E+00
  0.0000000000E+00
  0.0000000000E+00
  0.0000000000E+00
  0.0000000000E+00
  0.0000000000E+00
  0.0000000000E+00
  0.0000000000E+00
  0.0000000000E+00
  0.0000000000E+00
  0.0000000000E+00
  0.0000000000E+00
  0.0000000000E+00
  0.0000000000E+00
  0.0000000000E+00
  1.9086273387E-02
  0.0000000000E+00
  0.0000000000E+00
  0.0000000000E+00
  0.0000000000E+00
  0.0000000000E+00
  0.0000000000E+00
  0.0000000000E+00
  0.0000000000E+00
  0.0000000000E+00
  0.0000000000E+00
  0.0000000000E+00
  0.0000000000E+00
  0.0000000000E+00
  0.0000000000E+00
  0.0000000000E+00
  0.0000000000E+00
  0.0000000000E+00
  0.0000000000E+00
  0.0000000000E+00
  0.0000000000E+00
  0.0000000000E+00
  0.0000000000E+00
  0.0000000000E+00
  0.0000000000E+00
  0.0000000000E+00
  0.0000000000E+00
  0.0000000000E+00
  4.9972135574E-02
  0.0000000000E+00
  0.0000000000E+00
  0.0000000000E+00
  0.0000000000E+00
  0.0000000000E+00
  0.0000000000E+00
  0.0000000000E+00
  0.0000000000E+00
  0.0000000000E+00
  0.0000000000E+00
  0.0000000000E+00
  0.0000000000E+00
  0.0000000000E+00
  0.0000000000E+00
  0.0000000000E+00
  0.0000000000E+00
  0.0000000000E+00
  0.0000000000E+00
  0.0000000000E+00
  0.0000000000E+00
  0.0000000000E+00
  0.0000000000E+00
  0.0000000000E+00
  0.0000000000E+00
  0.0000000000E+00
  0.0000000000E+00
  0.0000000000E+00
  0.0000000000E+00
  0.0000000000E+00
  0.0000000000E+00
  0.0000000000E+00
  0.0000000000E+00
 -1.4299090952E-02
  0.0000000000E+00
  0.0000000000E+00
