  0.0000000000E+00
  0.0000000000E+00
  0.0000000000E+00
  0.0000000000E+00
  0.0000000000E+00
  0.0000000000E+00
  0.0000000000E+00
  0.0000000000E+00
  0.0000000000E+00
  0.0000000000E+00
  0.0000000000E+00
  0.0000000000E+00
  0.0000000000E+00
  0.0000000000E+00
  0.0000000000E+00
  0.0000000000E+00
  0.0000000000E+00
  0.0000000000E+00
  0.0000000000E+00
  1.9512188435E+00
  0.0000000000E+00
 -3.6011494696E-02
  0.0000000000E+00
  0.0000000000E+00
 -4.1073054075E-01
  0.0000000000E+00
 -2.8594708070E-02
  0.0000000000E+00
  2.7468148619E-02
  0.0000000000E+00
 -1.9060797989E-02
  0.0000000000E+00
  0.0000000000E+00
  0.0000000000E+00
  0.0000000000E+00
  0.0000000000E+00
  0.0000000000E+00
  0.0000000000E+00
  0.0000000000E+00
  0.0000000000E+00
  0.0000000000E+00
  0.0000000000E+00
  0.0000000000E+00
  0.0000000000E+00
  0.0000000000E+00
  0.0000000000E+00
  0.0000000000E+00
  0.0000000000E+00
 -1.8251000345E-01
  0.0000000000E+00
  0.0000000000E+00
  0.0000000000E+00
  0.0000000000E+00
  0.0000000000E+00
  0.0000000000E+00
  0.0000000000E+00
  0.0000000000E+00
  0.0000000000E+00
  0.0000000000E+00
  0.0000000000E+00
 -1.8654020503E-02
 -2.9722740874E-02
  0.0000000000E+00
  0.0000000000E+00
  0.0000000000E+00
  0.0000000000E+00
  0.0000000000E+00
  0.0000000000E+00
  0.0000000000E+00
  0.0000000000E+00
  0.0000000000E+00
  1.0404683650E-02
  0.0000000000E+00
  0.0000000000E+00
  0.0000000000E+00
  0.0000000000E+00
  0.0000000000E+00
  0.0000000000E+00
  0.0000000000E+00
  0.0000000000E+00
  0.0000000000E+00
  0.0000000000E+00
  0.0000000000E+00
  0.0000000000E+00
  0.0000000000E+00
  0.0000000000E+00
  0.0000000000E+00
  0.0000000000E+00
  0.0000000000E+00
  0.0000000000E+00
  0.0000000000E+00
  0.0000000000E+00
  0.0000000000E+00
  0.0000000000E+00
  0.0000000000E+00
  0.0000000000E+00
  0.0000000000E+00
  0.0000000000E+00
  0.0000000000E+00
  0.0000000000E+00
  0.0000000000E+00
  0.0000000000E+00
  0.0000000000E+00
  0.0000000000E+00
  0.0000000000E+00
  0.0000000000E+00
  0.0000000000E+00
  0.0000000000E+00
  0.0000000000E+00
  0.0000000000E+00
  0.0000000000E+00
  0.0000000000E+00
  0.0000000000E+00
  0.0000000000E+00
  0.0000000000E+00
  0.0000000000E+00
  0.0000000000E+00
  0.0000000000E+00
  0.0000000000E+00
  0.0000000000E+00
  0.0000000000E+00
  0.0000000000E+00
  0.0000000000E+00
  0.0000000000E+00
  0.0000000000E+00
  0.0000000000E+00
 -2.4291202426E-01
  0.0000000000E+00
  0.0000000000E+00
  0.0000000000E+00
  0.0000000000E+00
  0.0000000000E+00
  0.0000000000E+00
  0.0000000000E+00
  0.0000000000E+00
  0.0000000000E+00
  0.0000000000E+00
  0.0000000000E+00
  0.0000000000E+00
  0.0000000000E+00
  0.0000000000E+00
  0.0000000000E+00
  0.0000000000E+00
  0.0000000000E+00
  0.0000000000E+00
  0.0000000000E+00
  0.0000000000E+00
  0.0000000000E+00
  0.0000000000E+00
  0.0000000000E+00
  0.0000000000E+00
  0.0000000000E+00
  0.0000000000E+00
  0.0000000000E+00
  0.0000000000E+00
  0.0000000000E+00
  0.0000000000E+00
  0.0000000000E+00
  0.0000000000E+00
  0.0000000000E+00
  0.0000000000E+00
  0.0000000000E+00
  0.0000000000E+00
  0.0000000000E+00
  0.0000000000E+00
  0.0000000000E+00
  0.0000000000E+00
  0.0000000000E+00
 -3.0101172626E-02
  0.0000000000E+00
  0.0000000000E+00
  0.0000000000E+00
  0.0000000000E+00
  0.0000000000E+00
  0.0000000000E+00
  0.0000000000E+00
  0.0000000000E+00
  0.0000000000E+00
  0.0000000000E+00
  0.0000000000E+00
  0.0000000000E+00
  0.0000000000E+00
  0.0000000000E+00
  0.0000000000E+00
  0.0000000000E+00
  0.0000000000E+00
  0.0000000000E+00
 -1.5980581520E-03
  0.0000000000E+00
  0.0000000000E+00
  0.0000000000E+00
  0.0000000000E+00
  0.0000000000E+00
  0.0000000000E+00
  0.0000000000E+00
  4.8288391554E-05
  0.0000000000E+00
  3.6335372715E-04
  0.0000000000E+00
  0.0000000000E+00
  0.0000000000E+00
  0.0000000000E+00
  0.0000000000E+00
  0.0000000000E+00
  0.0000000000E+00
  0.0000000000E+00
  0.0000000000E+00
  0.0000000000E+00
  0.0000000000E+00
  0.0000000000E+00
  1.3396948576E-02
  0.0000000000E+00
  0.0000000000E+00
  0.0000000000E+00
  0.0000000000E+00
  0.0000000000E+00
  0.0000000000E+00
  0.0000000000E+00
  0.0000000000E+00
  0.0000000000E+00
  0.0000000000E+00
  0.0000000000E+00
  0.0000000000E+00
  0.0000000000E+00
  0.0000000000E+00
  0.0000000000E+00
  0.0000000000E+00
  0.0000000000E+00
  3.1501371268E-05
  0.0000000000E+00
  0.0000000000E+00
  0.0000000000E+00
  0.0000000000E+00
  0.0000000000E+00
  0.0000000000E+00
  0.0000000000E+00
  0.0000000000E+00
  0.0000000000E+00
  0.0000000000E+00
  0.0000000000E+00
  1.3763508468E-04
  0.0000000000E+00
  0.0000000000E+00
  0.0000000000E+00
  0.0000000000E+00
  0.0000000000E+00
  0.0000000000E+00
  0.0000000000E+00
  0.0000000000E+00
  0.0000000000E+00
  0.0000000000E+00
  0.0000000000E+00
  0.0000000000E+00
  0.0000000000E+00
  0.0000000000E+00
  0.0000000000E+00
  0.0000000000E+00
  0.0000000000E+00
  0.0000000000E+00
  0.0000000000E+00
  0.0000000000E+00
  0.0000000000E+00
  0.0000000000E+00
  0.0000000000E+00
  0.0000000000E+00
  0.0000000000E+00
  0.0000000000E+00
  0.0000000000E+00
  0.0000000000E+00
  0.0000000000E+00
  0.0000000000E+00
  0.0000000000E+00
  0.0000000000E+00
  0.0000000000E+00
  0.0000000000E+00
  0.0000000000E+00
  0.0000000000E+00
  0.0000000000E+00
  0.0000000000E+00
  0.0000000000E+00
  0.0000000000E+00
  0.0000000000E+00
  0.0000000000E+00
  0.0000000000E+00
  0.0000000000E+00
  0.0000000000E+00
  0.0000000000E+00
  0.0000000000E+00
  0.0000000000E+00
  0.0000000000E+00
  0.0000000000E+00
  0.0000000000E+00
  0.0000000000E+00
  0.0000000000E+00
  0.0000000000E+00
  0.0000000000E+00
  0.0000000000E+00
  0.0000000000E+00
  0.0000000000E+00
  0.0000000000E+00
